benchmark, optlevel, base_cost, base_cycles, base_energy, base_time, opt_cost, opt_cycles, opt_ram, opt_energy, opt_time, iter_cost, iter_cycles, iter_ram, iter_energy, iter_time
2dfir, O0, 2153624100, 21536241, 0.00327057229621, 0.229150793651, 2143883580, 21823556, 544, 0.00326497238968, 0.234908730159, 80203012, 840648, 544, 0.0032711833311, 0.234912698413
2dfir, O1, 5298539600, 52985396, 0.00273120366514, 0.180170634921, 4985531384, 57911248, 372, 0.00270090154724, 0.197587301587, 40495814, 457311, 372, 0.00273578069542, 0.195944444444
2dfir, O2, 5797438500, 57974385, 0.00269940308733, 0.178658730159, 5408386054, 62662441, 324, 0.002709459181, 0.195325396825, 37656378, 376677, 324, 0.00270828093384, 0.178654761905
2dfir, O3, 625499800, 6254998, 0.00252167191361, 0.169392857143, 625496962, 6255040, 1334, 0.00253625693679, 0.169388888889, 29443098, 294500, 1334, 0.0025374253961, 0.169380952381
2dfir, Os, 8672743000, 86727430, 0.00290721985655, 0.200182539683, 8672697490, 86731842, 290, 0.00287092325619, 0.200182539683, 53511968, 535272, 290, 0.00291688802591, 0.200158730159
blowfish, O0, 324285000, 3242850, 0.0184952517114, 1.52335714286, 269654788, 3562755, 2290, 0.0187525536254, 1.63375396825, 1158491160, 13129059, 2290, 0.0177249651273, 1.68468253968
blowfish, O1, 319050300, 3190503, 0.00333567239761, 0.23676984127, 239925558, 3446579, 874, 0.00303371690043, 0.31178968254, 108944912, 1549633, 874, 0.00302002011759, 0.31178968254
blowfish, O2, 446928900, 4469289, 0.0032012738353, 0.234857142857, 320998550, 4635291, 886, 0.00297956831115, 0.299988095238, 108072938, 1542770, 886, 0.0029752735063, 0.29998015873
blowfish, O3, 446928900, 4469289, 0.00320821430572, 0.234841269841, 320998550, 4635291, 898, 0.00297871458794, 0.299992063492, 108072938, 1542770, 898, 0.00295778992747, 0.299996031746
blowfish, Os, 11957195800, 119571958, 0.00349748968414, 0.253956349206, 10767247908, 124019964, 778, 0.00308245145934, 0.318297619048, 115945202, 1654644, 778, 0.00306605842905, 0.319591269841
crc32, O0, 7478800, 74788, 0.0123824738345, 0.932484126984, 7400308, 77059, 200, 0.0123941801985, 0.932551587302, 315126462, 3152321, 200, 0.0124363918723, 0.93253968254
crc32, O1, 1454533500, 14545335, 0.0101587648949, 0.736047619048, 1454234790, 14545345, 110, 0.0101717153932, 0.736154761905, 157548974, 1575843, 110, 0.0100527398832, 0.736138888889
crc32, O2, 1454423700, 14544237, 0.0101858495259, 0.736007936508, 1454162552, 14544251, 116, 0.010183002471, 0.736130952381, 157540888, 1575721, 116, 0.0101392284341, 0.736087301587
crc32, O3, 14749600, 147496, 0.0101903475142, 0.735682539683, 14446328, 149702, 150, 0.0100991291107, 0.735662698413, 157366300, 1573663, 150, 0.0101558963026, 0.735658730159
crc32, Os, 1696313500, 16963135, 0.0110721605659, 0.801345238095, 1696014922, 16963147, 98, 0.0110786190746, 0.801436507937, 183737906, 1837733, 98, 0.0110910511434, 0.801416666667
cubic, O0, 23805718300, 238057183, 0.0255989780449, 1.77798809524, 17207337832, 246859592, 2216, 0.0256963392522, 1.79811111111, 35079052, 373646, 2216, 0.0256588824185, 1.78296825397
cubic, O1, 511432873700, 5114328737, 0.0245354769664, 1.69213492063, 503159911076, 5158634989, 1212, 0.0244106856123, 1.69438492063, 24327512, 255645, 1212, 0.0244277629781, 1.69434126984
cubic, O2, 520844913800, 5208449138, 0.0245526229101, 1.69221428571, 507677857674, 5351755392, 1220, 0.024410273807, 1.69497222222, 24057670, 254056, 1220, 0.0244162703532, 1.69503968254
cubic, O3, 520844913800, 5208449138, 0.0245564321039, 1.69235714286, 507677857674, 5351755392, 1220, 0.0244406923007, 1.69518253968, 24057670, 254056, 1220, 0.0244192746079, 1.69518650794
cubic, Os, 518664529400, 5186645294, 0.0245063331627, 1.69400396825, 512077464696, 5299416106, 1134, 0.0244654806896, 1.69643253968, 24775880, 262440, 1134, 0.0244672750854, 1.69648412698
dijkstra, O0, 103049288800, 1030492888, 0.0303525299828, 2.48262301587, 100925427456, 1059979305, 1138, 0.0252446308669, 2.83876190476, 1598919480, 16190094, 1138, 0.0302080300161, 2.50266269841
dijkstra, O1, 7966723568900, 79667235689, 0.0149112330244, 1.11572222222, 7900042860366, 87353815742, 592, 0.0133338288964, 1.35525396825, 732584936, 7916530, 592, 0.0149045297212, 1.20436904762
dijkstra, O2, 9096364941900, 90963649419, 0.0147796290828, 1.09796428571, 9040643008036, 99187249475, 658, 0.0129718622629, 1.35197222222, 690770728, 6964252, 658, 0.0145864628753, 1.10533730159
dijkstra, O3, 8518997608800, 85189976088, 0.0131064172622, 0.969992063492, 8503762196098, 90998858367, 796, 0.0125348237299, 1.27951190476, 628666728, 6291260, 796, 0.0130345873539, 0.970892857143
dijkstra, Os, 7445971782400, 74459717824, 0.0199777887424, 1.49577380952, 7426043828868, 80828722236, 434, 0.0166412804631, 1.67496031746, 900474758, 9428324, 434, 0.0195319528158, 1.52988888889
fdct, O0, 24175400, 241754, 0.0447758165809, 3.76891666667, 24013496, 246291, 1594, 0.045098447527, 3.77504365079, 3204140292, 32074319, 1594, 0.0447534181517, 3.77498015873
fdct, O1, 27239309800, 272393098, 0.0142742660582, 0.981186507937, 24084017782, 286961510, 906, 0.0134097442918, 1.1968531746, 704411462, 8446770, 906, 0.0133861521359, 1.19683333333
fdct, O2, 36073297500, 360732975, 0.0165467611487, 1.12374603175, 36072586094, 360732987, 952, 0.016555012604, 1.12938888889, 1028400660, 10298222, 952, 0.0165525572861, 1.12936507937
fdct, O3, 342246100, 3422461, 0.0158612797457, 1.01703571429, 339513012, 3554516, 1710, 0.0158416603934, 1.01702777778, 924534092, 9245651, 1710, 0.0157754503931, 1.01701190476
fdct, Os, 32315038100, 323150381, 0.0169927792152, 1.1820515873, 29314520890, 342536793, 750, 0.015866506301, 1.39144047619, 821430028, 9622634, 750, 0.0158889691023, 1.39145238095
float_matmult, O0, 708736600, 7087366, 0.0410497679435, 2.97720238095, 515631108, 7791239, 888, 0.0390915930361, 3.42457142857, 967194968, 10184873, 888, 0.0410761949669, 3.05568650794
float_matmult, O1, 321597747900, 3215977479, 0.0322740789706, 2.13612301587, 310341982124, 3268111117, 542, 0.0322263583807, 2.21834920635, 365993404, 3837633, 542, 0.0322168263877, 2.21698809524
float_matmult, O2, 66605158500, 666051585, 0.0319806575494, 2.12855555556, 47205619180, 715221873, 624, 0.0316466019664, 2.46926190476, 329028472, 3565189, 624, 0.0317770866867, 2.2124047619
float_matmult, O3, 2451925900, 24519259, 0.0302839091795, 2.00861111111, 2299753502, 26772656, 3896, 0.0298536872291, 2.0749047619, 220360558, 2421805, 3896, 0.0299372174128, 2.07488095238
float_matmult, Os, 68547441000, 685474410, 0.0324636208351, 2.21373809524, 64218509956, 734855828, 388, 0.0323720854472, 2.55200396825, 410177126, 4301950, 388, 0.0324725498688, 2.28420238095
int_matmult, O0, 695142400, 6951424, 0.0437797694513, 3.71769047619, 507240772, 7629290, 600, 0.0333288205967, 4.24101190476, 522605920, 7512328, 600, 0.0334612309535, 4.21142063492
int_matmult, O1, 229531794900, 2295317949, 0.0144528027787, 0.942984126984, 223918579356, 2345029159, 432, 0.0143319591088, 0.990948412698, 54006645216, 643025261, 432, 0.0144029604626, 0.989424603175
int_matmult, O2, 39130195500, 391301955, 0.0125390755117, 0.916884920635, 34098676270, 416241171, 452, 0.0100179322768, 1.13866666667, 709573440, 7431413, 452, 0.0121072220384, 0.944436507937
int_matmult, O3, 1834134200, 18341342, 0.0107804445171, 0.793829365079, 1730710640, 19556288, 734, 0.0103494517489, 0.820099206349, 1392473604, 15373780, 734, 0.0103531743056, 0.820138888889
int_matmult, Os, 49116768900, 491167689, 0.0174442807978, 1.22944047619, 43914806126, 539580903, 288, 0.017423736039, 1.28742857143, 36422085734, 369053039, 288, 0.0146023403986, 1.74407142857
rijndael, O0, 991361700, 9913617, 0.0240669810784, 1.88219444444, 957682256, 10891472, 15410, 0.0231270090351, 2.01653174603, 1235370696, 13657201, 15410, 0.0234705020368, 1.99151190476
rijndael, O1, 871096100, 8710961, 0.0146886604597, 1.03467460317, 691450224, 9281281, 9146, 0.0145218527651, 1.14596825397, 495290252, 5466021, 9146, 0.0145000354638, 1.14146031746
rijndael, O2, 847215000, 8472150, 0.015592813686, 1.05522619048, 668127840, 9223880, 10182, 0.0152371403782, 1.14687698413, 616170298, 6675529, 10182, 0.0152753848935, 1.14667857143
rijndael, O3, 574551200, 5745512, 0.0151445247418, 1.01240873016, *, *, *, *, *,595609464, 6364181, 11498, 0.0149391473253, 1.10360714286
rijndael, Os, 779339500, 7793395, 0.0141981238758, 0.977388888889, 599678382, 7855573, 8796, 0.0138762974708, 1.08826190476, 80932, 1218, 8796, 0.014084492578, 0.977726190476
sha, O0, 4402011500, 44020115, 0.0806462632774, 5.88042063492, 4307695288, 46875490, 1532, 0.0786066545638, 6.23265873016, 3902349840, 41789718, 1532, 0.079226549773, 6.18523809524
sha, O1, 1230179400, 12301794, 0.0401029150833, 2.89986904762, 1077669648, 13191420, 872, 0.0377985033167, 3.46883333333, 1372841440, 17615036, 872, 0.0373099395044, 3.48228571429
sha, O2, 1294146500, 12941465, 0.0403705816282, 2.91608730159, 1112120220, 13832607, 904, 0.0381333013056, 3.52392063492, 177492148, 2281429, 904, 0.0376350757326, 3.54498015873
sha, O3, 1880790923200, 18807909232, 0.0367144020611, 2.62613095238, 1680945539022, 19778148872, 1164, 0.0344471763843, 3.21537698413, 212484518, 2832920, 1164, 0.034342115038, 3.23267460317
sha, Os, 1322722300, 13227223, 0.0446758806839, 3.25783730159, 1182074946, 14548801, 726, 0.0416905878368, 3.73164285714, 1536656388, 20167931, 726, 0.0400660513879, 3.79873015873
