benchmark, optlevel, base_cost, base_cycles, base_energy, base_time, opt_cost, opt_cycles, opt_ram, opt_energy, opt_time, iter_cost, iter_cycles, iter_ram, iter_energy, iter_time
2dfir, O0, 2153624100, 21536241, 0.00325814285866, 0.229142857143, 2062503580, 24144556, 544, 0.00322411945164, 0.249420634921, 77929732, 932808, 544, 0.00321297563042, 0.249444444444
2dfir, O1, 5298539600, 52985396, 0.00270132135212, 0.18019047619, 4676287384, 62321248, 372, 0.00272202654762, 0.209162698413, 38180172, 498266, 372, 0.00273197555142, 0.210880952381
2dfir, O2, 5797438500, 57974385, 0.00269881129818, 0.178666666667, 5062910054, 67066441, 324, 0.0027245916605, 0.208115079365, *, *, *, *, *
2dfir, O3, 625499800, 6254998, 0.00252247228682, 0.169376984127, 625496962, 6255040, 1334, 0.00253594960621, 0.169376984127, 29443098, 294500, 1334, 0.00253707438878, 0.169384920635
2dfir, Os, 8672743000, 86727430, 0.00291604144454, 0.200166666667, 8389527490, 97739842, 290, 0.00291122592049, 0.217785714286, 52357770, 622346, 290, 0.00288916081675, 0.219317460317
blowfish, O0, 324285000, 3242850, 0.0185226900372, 1.52317460317, 260459492, 3879888, 2290, 0.0175850970702, 1.7239047619, 1145416012, 13382056, 2290, 0.0175620836226, 1.72158730159
blowfish, O1, 319050300, 3190503, 0.00332013072499, 0.236722222222, 239925558, 3446579, 874, 0.00303929436283, 0.311761904762, 108944912, 1549633, 874, 0.0030283244804, 0.311746031746
blowfish, O2, 446928900, 4469289, 0.00321346942203, 0.234817460317, 320998550, 4635291, 886, 0.0029595486635, 0.299968253968, 108072938, 1542770, 886, 0.00296847312893, 0.29996031746
blowfish, O3, 446928900, 4469289, 0.00323144598901, 0.234837301587, 320998550, 4635291, 898, 0.00297349060919, 0.299984126984, 108072938, 1542770, 898, 0.00299385715221, 0.299952380952
blowfish, Os, 11957195800, 119571958, 0.00350175546067, 0.253904761905, 10432443908, 141617964, 778, 0.00308908558479, 0.319464285714, 115945202, 1654644, 778, 0.00307733926322, 0.319496031746
crc32, O0, 7478800, 74788, 0.0123566688933, 0.932293650794, 7400308, 77059, 200, 0.0123618754289, 0.932365079365, 315126462, 3152321, 200, 0.0123463646067, 0.932373015873
crc32, O1, 1454533500, 14545335, 0.0101368179934, 0.735797619048, 1120635590, 16971945, 110, 0.0101212436421, 0.86680952381, 121415086, 1838755, 110, 0.0101380473006, 0.866761904762
crc32, O2, 1454423700, 14544237, 0.0101657982397, 0.735833333333, 1120563352, 16970851, 116, 0.0100671774451, 0.866805555556, 121407000, 1838633, 116, 0.0101076377094, 0.866805555556
crc32, O3, 14749600, 147496, 0.0101250754072, 0.735567460317, 11334590, 171712, 150, 0.0100729193819, 0.866408730159, 121164738, 1835817, 150, 0.0101197620923, 0.866384920635
crc32, Os, 1696313500, 16963135, 0.0110793102633, 0.801234126984, 1696014922, 16963147, 98, 0.0110632431751, 0.801341269841, 183737906, 1837733, 98, 0.0110615580052, 0.801325396825
cubic, O0, 23805718300, 238057183, 0.0255927004243, 1.77754761905, 17207337832, 246859592, 2216, 0.025699043802, 1.7978968254, 33202298, 411533, 2216, 0.0256722149434, 1.79797619048
cubic, O1, 511432873700, 5114328737, 0.0245265137247, 1.69225, 466969911076, 5862634989, 1212, 0.0243913300782, 1.70639285714, 24168428, 293401, 1212, 0.0244922659883, 1.70640079365
cubic, O2, 520844913800, 5208449138, 0.0245248978594, 1.69244444444, 475381857674, 5978755392, 1220, 0.0244471558843, 1.70646428571, 24057670, 254056, 1220, 0.0243731733871, 1.69514285714
cubic, O3, 520844913800, 5208449138, 0.0245678158123, 1.69234920635, 475381857674, 5978755392, 1220, 0.0244036772362, 1.70658333333, 24057670, 254056, 1220, 0.0244575622381, 1.69533730159
cubic, Os, 518664529400, 5186645294, 0.0244675478538, 1.69425396825, 486425464696, 6157416106, 1134, 0.0245891027679, 1.70762301587, 24775880, 262440, 1134, 0.0244865088857, 1.69662698413
dijkstra, O0, 103049288800, 1030492888, 0.0302980949524, 2.48306746032, 100925427456, 1059979305, 1138, 0.0252672408285, 2.8390952381, 1598919480, 16190094, 1138, 0.0301524404045, 2.50298015873
dijkstra, O1, 7966723568900, 79667235689, 0.0148526519204, 1.11584920635, 7890827280366, 87838255742, 592, 0.0133221981536, 1.35901984127, 732584936, 7916530, 592, 0.0149629197752, 1.20468650794
dijkstra, O2, 9096364941900, 90963649419, 0.0147582608181, 1.09816269841, 9040643008036, 99187249475, 658, 0.0130076152555, 1.3520952381, 690770728, 6964252, 658, 0.0146068407875, 1.10541269841
dijkstra, O3, 8518997608800, 85189976088, 0.0130965263999, 0.970027777778, 8503762196112, 90998858360, 796, 0.0125600993526, 1.27957539683, 628666728, 6291260, 796, 0.0130611764207, 0.970865079365
dijkstra, Os, 7445971782400, 74459717824, 0.0200169899196, 1.4956984127, 7426043828868, 80828722236, 434, 0.0166706328847, 1.67511111111, 900474758, 9428324, 434, 0.0195871811735, 1.52989285714
fdct, O0, 24175400, 241754, 0.0448454991422, 3.76881746032, 24013496, 246291, 1594, 0.0449627859147, 3.7748531746, 3204140292, 32074319, 1594, 0.0449739804552, 3.77482142857
fdct, O1, 27239309800, 272393098, 0.0143090079083, 0.981242063492, 24084017782, 286961510, 906, 0.0134064992649, 1.19676984127, 704411462, 8446770, 906, 0.0134250808422, 1.19684126984
fdct, O2, 36073297500, 360732975, 0.0165596741417, 1.12380952381, 34544494694, 426127987, 952, 0.0153245761289, 1.37467857143, 992003604, 12272494, 952, 0.0153199917486, 1.37465873016
fdct, O3, 342246100, 3422461, 0.0158410837966, 1.01702777778, 323459196, 4104637, 1710, 0.0147351506514, 1.28310714286, 879379412, 10933204, 1710, 0.0147065443443, 1.28279365079
fdct, Os, 32315038100, 323150381, 0.0169454781674, 1.18163492063, 29314520890, 342536793, 750, 0.0159088500759, 1.39123015873, 821430028, 9622634, 750, 0.0158937506434, 1.39145238095
float_matmult, O0, 708736600, 7087366, 0.0411202690442, 2.97722222222, 515631108, 7791239, 888, 0.0390465383007, 3.42457936508, 967194968, 10184873, 888, 0.0410102136361, 3.05573412698
float_matmult, O1, 321597747900, 3215977479, 0.032046771699, 2.13631349206, 310341982124, 3268111117, 542, 0.0322974170771, 2.2186031746, 365993404, 3837633, 542, 0.0322829998133, 2.21722619048
float_matmult, O2, 66605158500, 666051585, 0.0318465518157, 2.12868650794, 47205619180, 715221873, 624, 0.0316444766044, 2.4688968254, 329028472, 3565189, 624, 0.0318187871928, 2.21254761905
float_matmult, O3, 2451925900, 24519259, 0.0301859718311, 2.00867460317, 2085928806, 29254922, 3896, 0.030550241922, 2.3411031746, 220360558, 2421805, 3896, 0.0299917269475, 2.07493650794
float_matmult, Os, 68547441000, 685474410, 0.0324634913811, 2.2138968254, 59923522556, 783255828, 388, 0.0327284446239, 2.58717063492, 410177126, 4301950, 388, 0.0324461283281, 2.28423809524
int_matmult, O0, 695142400, 6951424, 0.043843695698, 3.71785714286, 506430932, 7652900, 600, 0.0334154139325, 4.24046825397, 521725280, 7884104, 600, 0.0333601544946, 4.24103571429
int_matmult, O1, 229531794900, 2295317949, 0.0144145466742, 0.94303968254, 223918579356, 2345029159, 432, 0.0143785571917, 0.991, 54006645216, 643025261, 432, 0.0143997890205, 0.989492063492
int_matmult, O2, 39130195500, 391301955, 0.0125428855714, 0.916908730159, 29069905270, 440441171, 452, 0.00989185058253, 1.15273412698, 709573440, 7431413, 452, 0.0121756420439, 0.944718253968
int_matmult, O3, 1834134200, 18341342, 0.0107738406783, 0.794035714286, 1728608664, 20242694, 734, 0.0103714894022, 0.820357142857, 1392473604, 15373780, 734, 0.0103573546809, 0.820349206349
int_matmult, Os, 49116768900, 491167689, 0.0174653581423, 1.22950396825, 43905802886, 540482909, 288, 0.0146315100265, 1.74429761905, 36422085734, 369053039, 288, 0.0146440646737, 1.74424603175
rijndael, O0, 991361700, 9913617, 0.0239809710812, 1.88240079365, 954993536, 11026112, 15410, 0.0231044286627, 2.01904365079, 1235370696, 13657201, 15410, 0.0234261498821, 1.99168253968
rijndael, O1, 871096100, 8710961, 0.0146774886857, 1.0348015873, 691450224, 9281281, 9146, 0.0144915424974, 1.14619047619, 495290252, 5466021, 9146, 0.0144737187154, 1.14176984127
rijndael, O2, 847215000, 8472150, 0.0155783044976, 1.05542063492, 667967720, 9487880, 10182, 0.0152118142323, 1.14698412698, 616170298, 6675529, 10182, 0.0153048244245, 1.14691269841
rijndael, O3, 574551200, 5745512, 0.0151748302032, 1.01238888889, 487346984, 6761821, 11498, 0.0149698192155, 1.10348015873, 595609464, 6364181, 11498, 0.0149747884457, 1.10344444444
rijndael, Os, 779339500, 7793395, 0.0142255761449, 0.977277777778, 599678382, 7855573, 8796, 0.0137953064159, 1.08820634921, 80932, 1218, 8796, 0.0139772659084, 0.977599206349
sha, O0, 4402011500, 44020115, 0.08079447223, 5.87940873016, 4161881288, 51969490, 1532, 0.0729420585923, 6.84516269841, 3902349840, 41789718, 1532, 0.0793231598313, 6.18402777778
sha, O1, 1230179400, 12301794, 0.0400286615486, 2.89937698413, 1055929448, 14733620, 872, 0.0357401401864, 3.64334920635, 1372841440, 17615036, 872, 0.0373738416008, 3.48229761905
sha, O2, 1294146500, 12941465, 0.0404574945889, 2.91580952381, 1097876820, 15374907, 904, 0.0361656674789, 3.70655952381, 177492148, 2281429, 904, 0.0376515663888, 3.54438095238
sha, O3, 1880790923200, 18807909232, 0.036842839725, 2.62569047619, 1675275259022, 22199270872, 1164, 0.034288526758, 3.24339285714, 211621558, 3141235, 1164, 0.0336891025411, 3.3978531746
sha, Os, 1322722300, 13227223, 0.0447684303015, 3.25754761905, 1122834844, 15872505, 726, 0.039943942584, 3.83346825397, 1533682692, 20436219, 726, 0.039957215679, 3.83351190476
